[[ -5   4   0   3   5  -4  -5  -4  -2   6   7 -16 -15   5   2   5  10  -3
  -12  -3  -6  -9  -3  10  -3   4  -4  17  25  -2   0  -3   4   3  10  33
   27   8   2   9  13  13  23  33  29  17  13  13  48  44  50  53  47  52
   55  45   2  -2  -6  -6  -2  -5  -5  -1]
 [-54 -45 -28 -29 -31 -30 -37 -54 -44 -24  -1  -1  -4   3 -16 -36 -29   0
    6   9  13  11  -2 -28 -24   4  17  15  20  17   7 -30 -27  -2  11  22
   20  13  -1 -29 -32   9  11  16  19  13   9 -31 -41 -16  -3   1   6   5
  -22 -39 -53 -41 -29 -35 -28 -21 -44 -55]
 [-13 -15 -12 -15 -14 -14 -15 -18  -8   2   5  -4   5   1   4 -12  -2   7
   12  15  11   5  13 -13  -5   0  11  13   8   2   3 -13  -8   4   1  13
   14   7   2 -15 -15   2   1  13  14   9   2  -1 -13  -4   0   5   4   2
    9  -5 -22 -15 -13  -7 -11  -5 -14 -25]
 [  3   5   3   6   4   4   6  -3  -6  -1   1   1   2   0   4  -1  -1   4
    5   2  -3   4   0  -4  -4   3   1  -5  -5   0   3  -6  -7   1   0  -3
    5   2   4  -3   0   4   4  -5  -1  -4  -4  -8   2   7   5  11  10   7
   15   2   2  -5   0   0  -4  -1  -5   5]
 [-16  -8 -13  -2 -10  -1  -5 -25 -12   2   2  -3  -2  -3   2 -11  -9  -1
    5   4   7   7   2  -9  -6  -7   1   6   4   8  -3  -4  -6   0   2   3
    6   5   2 -10 -15  10   5   2   1   2   4 -10 -11   4   7   3   5  -5
   -2  -5 -17 -12  -5  -8  -2  -7  -1 -24]
 [ 25  28  12   1  -5   9  33  22  20  10  -4   0  -9   1  25  25 -11 -17
  -20 -24 -18 -17 -16 -15  23 -29 -32 -37 -36 -33 -31 -22 -33 -42 -41 -54
  -54 -40 -42 -30 -33 -46 -41 -53 -45 -45 -37 -27 -32 -43 -40 -52 -49 -38
  -40 -31 -30 -39 -41 -43 -53 -36 -37 -30]]